proj:       99
zone:       0
north:      734100
south:      732700
east:       2093350
west:       2091950
cols:       467
rows:       467
e-w resol:  2.99785867
n-s resol:  2.99785867
format:     -1
compressed: 2
