proj:       99
zone:       0
north:      733400
south:      732700
east:       2092650
west:       2091950
cols:       234
rows:       234
e-w resol:  2.99145299
n-s resol:  2.99145299
format:     3
compressed: 2
