proj:       99
zone:       0
north:      733400
south:      732700
east:       2093350
west:       2092650
cols:       233
rows:       233
e-w resol:  3.00429185
n-s resol:  3.00429185
format:     0
compressed: 2
