proj:       99
zone:       0
north:      733400
south:      732700
east:       2093350
west:       2092650
cols:       234
rows:       234
e-w resol:  2.99145299
n-s resol:  2.99145299
format:     -1
compressed: 2
