proj:       99
zone:       0
north:      734100
south:      732700
east:       2093350
west:       2091950
cols:       467
rows:       467
e-w resol:  2.99785867
n-s resol:  2.99785867
top:        1.000000000000000
bottom:     0.000000000000000
cols3:      467
rows3:      467
depths:     1
e-w resol3: 2.99785867
n-s resol3: 2.99785867
t-b resol:  1
