proj:       99
zone:       0
north:      733400
south:      732700
east:       2093350
west:       2092650
cols:       234
rows:       234
e-w resol:  2.99145299
n-s resol:  2.99145299
top:        1.000000000000000
bottom:     0.000000000000000
cols3:      234
rows3:      234
depths:     1
e-w resol3: 2.99145299
n-s resol3: 2.99145299
t-b resol:  1
